2814
2815
2816
2820
6724
6713
6712
6716
6713
6724
6725
6727
6744
6745
6746
6749
6747
6731
6732
6733
6770
6727
6744
6745
6746
6749
6731
6732
6733
6770
6745
6727
6746
6744
6749
6731
6732
6733
6770
6781
6782
6783
6785
6931
6932
6935
6992
6997
6940
6993
6994
6733
6760
6911
6921
6924
6973
8121
6974
6975
6794
6793
6997
6842
6842
6912
6921
6924
6931
6974
6975
6998
7244
7245
7246
7751
7247
7243
7248
7511
7512
7522
7523
7525
7528
7518
7591
7599
7452
7781
7162
7161
7163
7169
7712
7711
7788
7187
7439
7111
7119
8121
7112
7411
7126
7129
7492
7491
7131
7133
7132
7138
7139
7493
7499
7416
7452
7435
7436
7439
7783
7412
7413
7283
7911
7912
7913
7915
7914
7919
7861
7932
7938
7931
7933
7928
7921
7922
7723
7924
7929
8999
7224
7832
7223
7831
7821
7810
7822
7841
7842
7849
7441
9510
7851
7852
7853
8941
7861
7868
7452
7442
7441
7234
7233
7449
7239
7188
7144
7148
7149
7428
7421
7423
7422
7429
7431
7757
7434
7439
7415
7752
7414
9510
6960
6951
6953
6954
6978
7753
7452
7211
7212
7213
7219
7271
7272
7251
7259
7284
7371
7372
7367
7361
7284
7361
7367
7362
7281
7368
7369
7451
7373
7284
7499
6793
7268
7252
7259
7263
7269
7264
7267
7784
7757
7754
8124
7413
7373
7758
7641
7649
7764
7768
7788
7731
6642
7732
7642
7641
7649
7631
7638
7643
7648
7622
7621
7628
7611
7612
7649
7788
7788
7723
7722
7721
7783
7782
7761
7762
7768
7763
6991
8951
6996
6978
6993